60
24.5545 50.7653
21.5338 33.3924
37.1229 25.151
49.7783 37.4304
42.0106 53.2609

26.2703 36.8875
48.4698 36.8386
38.4208 51.6524
40.5137 29.515

7.58742 -13.2878
6.3257 -24.9756
17.0516 -29.7873
24.9422 -21.0733
19.0931 -10.876

17.3489 -13.9453
13.7082 -13.8299
12.7799 -16.7323

-27.8957 21.1366
-28.2762 9.38704
-17.2192 5.39441
-10.0052 14.6764
-16.6037 24.4056

-15.2194 17.0064
-23.5404 8.84598
-15.9147 11.3077

-32.3793 -13.5292
-31.8816 -31.1558
-14.964 -36.1293
-5.00597 -21.5767
-15.7692 -7.60902

-8.20552 -24.862
-15.0724 -15.8552
-12.2522 -17.1529
-5.9625 -22.3805
-32.0376 -18.5743