40
первый
-31 -57
-33.7639 -53.1958
-38.2361 -54.6489
-38.2361 -59.3511
-33.7639 -60.8042
точки внутри
-34.3083 -58.1757
-33.8088 -58.4402
-35.5518 -58.3086

второй
-54.1753 5.28655
-46.1165 3.62149
-42.0426 10.7713
-47.5836 16.8552
-55.082 13.4654
точки внутри
-52.4265 10.9534
-46.8219 12.6788
-48.1853 9.68201
-49.6147 8.66466
-52.6768 10.6343

третий
86.3453 18.8155
70.6343 10.8088
73.3943 -6.60747
90.8109 -9.36454
98.8151 6.34772
точки внутри
73.6711 9.26765
80.9023 12.0438
92.4302 4.44555
84.6065 -3.0529
89.4029 1.10956
96.69 3.61736
87.9761 14.8018
91.2021 3.67154

четвертый
-20.089 -23.1191
-20.6281 -70.1388
23.9237 -85.1815
51.9974 -47.4587
24.7961 -9.10198
точки внутри(20)
19.4403 -73.5677
15.9317 -27.9994
2.76841 -45.9146
-8.71709 -70.6793
31.7393 -67.2291
23.3124 -31.4961
24.7996 -63.6976
-2.87239 -50.5978
25.9677 -23.1676
8.5976 -58.7451
-13.8503 -37.1079
3.87662 -33.2444
14.6218 -55.5433
11.7471 -78.9938
27.8805 -39.2463
-14.861 -61.0762
13.3651 -55.6478
38.5947 -41.3662
-0.529628 -66.7067
22.4569 -14.2611